3112824195
1254320317
6036529063
3317061287
2791246031
3931589228
5799410070
6012033367
3698434955
5555858373
5649090962
5616417326
6197250416
7117289923
3172594702
5253397178
6680210709
3760131390
2422998604
3154731520
1751721415
3219744011
6584944130
2704159493
2649681417
2305785521
6553430024
5659965729
5869642482
6086486586
1993632475
7031134000
2737168483
5996081926
5039882138
2258923895
3275662975
1941206087
5550001160
2530658062
6738398963
6343932759
5089084852
2609260845
1628320800
6526853596
1890042547
6190771392
5458646757
5845610264
6572986599
6642064977
3310429821
6302126802
5365858081
6144602393
3091141085
1700100811
6324271923
5488216206
6969859599
2178787943
6284582957
6085780599
2934827335
5829980726
5680500907
6479071422
6580092106
6384872550
5762483483
5635798877
2101560362
6590937306
5656744065
7159455099
5847598938
5683704840
1866161071
6904814458
3073535337
7350880531
1764416257
2269661503
7157698418
3742673495
1108189895
5977512285
5110749419
6407947977
6210434066
6121144393
3018609787
3983752712
5086148935
7397652186
6249652571
2702512441
1980658311
5418800970
5362593213
5459284070
5308936898
3270740281
3819034027
2187480734
1807129444
2832261757
5913616661
6355118292
1499055057
6016012242
6078360434
2116036181
3611343121
2281771550
2238260963
5538914562
5020771112
1795609473
6394238057
6135658521
2545712083
3808037622
6399544038
2133927663
5664496652
1927829745
7266097324
6182956174
5462827935
7107980481
3024177447
1025763050
3101627493
5618037641
5641677553
3904222124
5627027977
5755991480
1748917551
5367082019
6133679448
2335029414
2843809257
6342167490
6613543441
2768940401
3131316683
1806637752
5393914612
7083417767
2720976521
5779252114
5617925651
5889269381
6122516875
5510783927
6320564778
1652286873
5996978589
6582428226
5851838091
3661079662
5140630703
6618590957
2467734944
6519339137
5017676379
5727358837
2048750207
2020881995
2293251720
5211691888
5185539914
7166582238
2927992995
5847962851
6911344897
6587247667
6343696898
5834190797
6628193322
5651219494
2860756731
6081946668
3645638295
5786935719
5512108421
3180732934
5998927054
5712499005
5853905718
5874698873
6067375719
5912559143
1814845627
5597019844
5985405561
6377350959
5253562342
5878672473
5574033572
2357969843
7332170271
3195017301
3594474135
5860565518
5541966086
5408936896
6385261519
5537409650
6612931429
1780977537
5778515668
5951334045
5237863702
7362568939
6573817788
1920847514
2613393105
3407405542
3180505354
3833574423
5264267377
5535337892
5734884802
6522889416
5138431530
5894562344
5694080100
2003840591
1773043405
5211035614
7092039794
5073922754
5680073644
6028142917
3826705717
1028075605
5337654912
6065401114
2328929295
3561619861
6540916769
5892223381
2004521751
2163159971
5620938602
6104381760
1849649393
5706516578
6618840749
5277765441
7252208881
6375070722
6806525487
2698020573
2840243530
7321000297
3738778233
5382380525
5678871491
6007816868
6210933941
3195501475
1326881731
7358695172
7300691638
5076757229
3123948117
5737827835
2627439133
7073890465
2141647302
5396853986
6092713612
5746327656
1947434290
6212583608
1633995022
1894075702
5659477151
6077996903
5325371147
5406680442
5270312462
5492361307
3830382489
5353256554
6222855464
5566629493
6461234672
2865828570
1895769850
6311360308
3659265414
1886770015
3709986221
3937148765
7388153865
6990250096
5979122483
2701133062
1787530744
1719294903
7320620764
1792852433
2235826270
3045637145
3158191542
7149621817
6077149218
3575262233
1774879837
1936602555
5688087684
2273684712
5553010285
7257592699
6568619140
5373352275
6129805351
1987306482
1569959883
6030672700
2773090581
2240329381
5885796965
5498057901
2015775501
6330470299
5325224394
5088266640
5667663935
3147531307
5376646160
6452536190
1217902140
5856512805
3958153406
3493574014
5015160273
5677967578
2721226847
1669315793
6086147315
7406285235
6622379084
7273336809
3645358275
5857529989
2622867883
2694644534
7077396974
6275327797
5944618632
1595943841
5629022114
5198833633
7235322732
6294593854
5673743177
6023003672
5093088826
6309647443
6140057164
6728471781
3584646940
2372437444
1697509235
3234053325
7348777873
2769845012
5521217435
5674050787
2163026422
5985623286
2653904401
3372677062
5895026303
1687445004
5422489474
5829653257
5955019164
2930995435
6504859132
6537541996
5642140292
1354003242
5080600620
5710281035
6406726143
3286720963
2952709547
1727370572
3618507843
5019350406
7386698692
3901529483
5604747140
5233326641
3250441005
3673330931
1842059620
6072595717
5366399696
7381665350
6603430255
2887465835
5749458410
5836070700
5682640948
2041458651
5538781912
3462574290
5539816649
6449816394
5990087210
3266867735
1672948693
5565596186
5013573752
1246226970
3867648683
5326584183
2187031405
5864308004
2038809141
5346716325
5624189904
1954250504
6988041217
6576550237
5674837759
3299268127
5392138319
5991179103
7036487316
1450131520
5386716025
1946142017
3977109199
5575394373
5282338223
5501668699
6063137346
6274132689
2351961447
2690491211
2368361585
7400586805
5763655481
5784552268
6016214505
1767000532
7218882727
6460874400
6999980348
1604253503
2877904695
5448239431
2337447560
2430177320
1358164694
2803290911
7249805655
5192056862
3853802187
1628206145
2672209310
2756590194
5738154886
2914551503
6444749057
5569113234
2996592407
2641503051
6085758909
1463051197
5093153237
2186400754
7349423161
2881066574
5276086188
6091303644
2623776657
1898707930
5945267280
5988209651
3275199760
2875436292
3740015180
6014978859
2063226843
6365984963
2001220571
5416685677
6567020628
7115161959
7138844029
7155252981
5633943580
2971393341
6323887721
5752530971
5634291768
5870152965
3655569987
7153320033
5599759691
6161908976
3552048687
7379947194
1650844615
1606587204
1222071835
2275125087
2667436363
5880619461
5958161740
6109796621
6033211391
5713181889
7208496962
5665001598
5270399162
5580277698
3743154330
6572535615
1269957753
6198178025
5573515801
5695691963
3443894222
2645618705
5037780305
5840342872
3173724994
6532297671
2198616420
6592953986
5534744551
3637224321
2701269642
5579647870
3282808327
2299608034
5606893901
1768583160
2123726835
3818959850
5718783432
5995925001
2162871123
5390352271
5831180970
6116667194
2922812022
7373039403
5766865369
6120752635
6329585281
5770681123
3889958641
6297946208
6501238597
6228981121
6571605511
6011910471
5967618187
5688847311
6652943234
5046965396
6996904921
5270978790
6327570908
2757240413
3281237331
5524528225
5921808251
3484478982
5674576597
6822356738
1801840914
6178964978
2233169562
6880936598
6188033766
3264337764
2368326307
2321997735
6773954422
6159669453
1881605852
1868137057
3842678356
5974521996
5851914169
6124095930
6278513686
5196035894
5288468493
5727093127
6577639442
6217651918
6717940643
2169624400
1852310370
2610618927
5128313628
5323433349
6719075863
5405302021
3217080980
1736692910
3215230265
5658913818
5677355424
6025913966
2876606380
5723257905
6163385898
2074580777
5938438559
1793775680
6138135486
5245541309
5666089531
2020794353
6581077668
5866646572
5422553919
1934575527
3191715312
2726716345
1979585977
7385138608
2650390907
5751991245
2952371361
5969863044
5232020947
5325074028
2864225232
5256274366
6221786886
6736618482
7384024379
2704790937
2693386933
2309632467
5729860924
1772955671
5840574911
1771774511
2200637761
6304906950
6384667424
6282996638
6416751965
5699490083
2310871425
6004260616
6310772591
1833433701
2398533881
2977526742
5043098055
6473657414
3907695078
5232737824
6623151822
5725856923
5247472929
3533592357
6311454762
6217949503
6283521387
6038306956
2346997337
5671954730
3838192724
5631153739
7230452112
3454068264
5186442401
5977306673
5681726910
2875516003
3565193025
6656488886
5548496738
6336385953
2829190501
5099047246
3305890857
6473657646
5725967224
5027788196
5297038362
5750179563
5260688816
7167795653
6058823195
1805244982
6092539228
6375475088
6711699540
7317669293
3592245910
2030608843
6086118922
5884557012
7113621207
3723521390
5391924749
5233311834
5142853117
6201843561
6983230950
5446485231
6064101362
1887303271
1926144174
5882766701
3850725540
6092314753
5456166810
5628055384
6120900068
5843893710
5247510606
5660931529
5123765383
3968352363
1696310022
6032228081
5673745012
1864735233
6616354297
5409472938
2389597857
5494167774
3943877499
5326602715
6465983893
5124015001
7271049313
6480243115
5523106352
5833971000
1809529284
6192251078
2469968112
6257459437
3183434260
5979666840
2940564921
1782475810
1273987012
5625033659
3032059173
1767161937
5878891379
7155276855
2236994551
6190493988
6938540657
1353226452
2318247163
5883891248
5031762172
5540670382
5987773119
5557385308
6328634585
5997526099
6447550330
3838002479
5653426258
1450971115
1449400501
5933341835
6031015972
6274927130
3805605320
2240330781
1909238271
7193749447
5647394844
3197356971
5592185197
1782919292
5667540323
2646090800
3636713503
5600775420
5810858228
5644881771
6278696487
2276859510
3347960432
6142560258
2586874840
6006555826
6179847754
6482841950
5213940634
2136043261
1436019892
6112928253
5803240835
2818112381
5501383966
2068956111
5581443060
5843522521
5344662551
5079497064
2992794122
2373234351
6491694842
7288553324
7394384875
5026813389
1786690192
5702964239
5722485287
1821260475
2309054707
7141756478
2262078854
6874819334
6126821922
5442818054
6423030690
6499209361
5766416894
6357314833
3451144880
2825029571
5414382436
2479389893
5608337518
6355152188
6021983155
1296829214
2253639887
5263778623
5517505715
5375962966
2364141227
5852609482
6074825498
6247453829
1880149297
2141936810
6021369431
5654584273
6330478589
7310921649
5305000583
2758530551
3625145397
5183878838
5261045828
5844185470
5899509110
6397898195
6768546340
1840940913
5905018169
5263576849
6422361035
1253729447
7388537306
1856185700
5664401714
6087414650
6799636350
5244324546
6221814905
5886154867
1966448647
3798999160
5117712611
7408493694
6006595729
6118686522
2103895843
3826530776
1767718632
6075911184
1394454907
5713204019
2163460482
3841672287
5354054682
5183977239
2971717925
5763298729
6629130371
1934371507
6024016313
2008097143
5890473857
5839638523
5944210345
6593720480
2023682823
5703775669
6017094431
2282996065
2234213757
6171403157
3034489071
3976106881
1651775640
6079842315
6260079666
7306397925
5980373836
6315979483
7010947208
5674056410
2025568373
3288047247
5324504359
3660023010
6399610585
5345105907
5351103865
5779152736
3047158752
2292242761
1787679301
3155303742
7225981684
5189527232
5538303995
2683283507
3922781525
6033022289
2934503440
5201948413
7052217557
5208071034
5670997854
7405153707
5964211157
3881361559
2698601840
5863715453
3042002215
5450214605
5463600084
5116558536
6198349525
2728916327
2538952890
5052189263
5820288848
6619194873
5091571004
2823176847
6026504559
5725962606
5982582374
2833828907
5243521251
6635578808
2730530560
1820747255
3991985062
5821518751
3001216817
3052017403
2125788615
5543432550
6017699820
2823462323
3618909023
5659170562
5038020494
2853790162
3231581620
7308860637
3488003710
5792359495
3189375462
2866027820
2133448841
5545593523
6352742646
6277024003
5843731513
5335111802
5928505984
5698749908
2091288465
2857684514
2879941151
5382520257
6992375222
2456512322
5850246152
1212427227
6333553292
5672578780
6492177993
3512867142
3693554923
3172854322
6342267133
6035876129
5888889932
7327430959
3200658351
1929874461
7082037539
1191580841
5630895957
1834459805
5232972339
3265438884
1625623275
2908859883
2415925962
3176936162
3309880497
5974328988
3649156250
3190491342
7336537158
3951280873
6202076175
3541705600
7135453055
2142563602
1725677334
2247801887
7339179440
5869739429
7007085903
6597536006
2355167567
3627619804
5881178860
2258323122
6019633073
6022480637
1751372983
2181100973
2988717524
5855848957
5584709897
6240093682
2928823267
3520180810
2569391023
5366676334
5686962277
5770031870
1298062017
2653647480
1773020734
6026851340
6089643506
6049829441
6013303037
1942620141
5332308444
3176630711
2239398054
7402775033
5856731695
2740251463
6089016087
5588080257
5645136450
3803003702
5622703718
2451524084
6324512811
1746388682
2321876882
6962450495
5717638632
3882992842
1864131670
5474764753
5653469158
5270362906
7254031288
5931565769
7207038662
6293383050
6075790199
3182843764
3199792045
3909192134
3418055350
3131088965
7185357236
3196427600
2724958087
2278897850